image: short_maze.pgm
resolution: 0.150000
origin: [-1.75000000, -2.00000000, 0.000000]
negate: 0
occupied_thresh: 0.65
free_thresh: 0.196

